0000
0001
0002
0003
0004
0005
0010
0011
0012
0013
0014
0015
0020
0021
0022
0023
0024
0025
0030
0031
0032
0033
0034
0035
0040
0041
0042
0043
0044
0045
0050
0051
0052
0053
0054
0055
0100
0101
0102
0103
0104
0105
0110
0111
0112
0113
0114
0115
0120
0121
0122
0123
0124
0125
0130
0131
0132
0133
0134
0135
0140
0141
0142
0143
0144
0145
0150
0151
0152
0153
0154
0155
0200
0201
0202
0203
0204
0205
0210
0211
0212
0213
0214
0215
0220
0221
0222
0223
0224
0225
0230
0231
0232
0233
0234
0235
0240
0241
0242
0243
0244
0245
0250
0251
0252
0253
0254
0255
0300
0301
0302
0303
0304
0305
0310
0311
0312
0313
0314
0315
0320
0321
0322
0323
0324
0325
0330
0331
0332
0333
0334
0335
0340
0341
0342
0343
0344
0345
0350
0351
0352
0353
0354
0355
0400
0401
0402
0403
0404
0405
0410
0411
0412
0413
0414
0415
0420
0421
0422
0423
0424
0425
0430
0431
0432
0433
0434
0435
0440
0441
0442
0443
0444
0445
0450
0451
0452
0453
0454
0455
0500
0501
0502
0503
0504
0505
0510
0511
0512
0513
0514
0515
0520
0521
0522
0523
0524
0525
0530
0531
0532
0533
0534
0535
0540
0541
0542
0543
0544
0545
0550
0551
0552
0553
0554
0555
1000
1001
1002
1003
1004
1005
1010
1011
1012
1013
1014
1015
1020
1021
1022
1023
1024
1025
1030
1031
1032
1033
1034
1035
1040
1041
1042
1043
1044
1045
1050
1051
1052
1053
1054
1055
1100
1101
1102
1103
1104
1105
1110
1111
1112
1113
1114
1115
1120
1121
1122
1123
1124
1125
1130
1131
1132
1133
1134
1135
1140
1141
1142
1143
1144
1145
1150
1151
1152
1153
1154
1155
1200
1201
1202
1203
1204
1205
1210
1211
1212
1213
1214
1215
1220
1221
1222
1223
1224
1225
1230
1231
1232
1233
1234
1235
1240
1241
1242
1243
1244
1245
1250
1251
1252
1253
1254
1255
1300
1301
1302
1303
1304
1305
1310
1311
1312
1313
1314
1315
1320
1321
1322
1323
1324
1325
1330
1331
1332
1333
1334
1335
1340
1341
1342
1343
1344
1345
1350
1351
1352
1353
1354
1355
1400
1401
1402
1403
1404
1405
1410
1411
1412
1413
1414
1415
1420
1421
1422
1423
1424
1425
1430
1431
1432
1433
1434
1435
1440
1441
1442
1443
1444
1445
1450
1451
1452
1453
1454
1455
1500
1501
1502
1503
1504
1505
1510
1511
1512
1513
1514
1515
1520
1521
1522
1523
1524
1525
1530
1531
1532
1533
1534
1535
1540
1541
1542
1543
1544
1545
1550
1551
1552
1553
1554
1555
2000
2001
2002
2003
2004
2005
2010
2011
2012
2013
2014
2015
2020
2021
2022
2023
2024
2025
2030
2031
2032
2033
2034
2035
2040
2041
2042
2043
2044
2045
2050
2051
2052
2053
2054
2055
2100
2101
2102
2103
2104
2105
2110
2111
2112
2113
2114
2115
2120
2121
2122
2123
2124
2125
2130
2131
2132
2133
2134
2135
2140
2141
2142
2143
2144
2145
2150
2151
2152
2153
2154
2155
2200
2201
2202
2203
2204
2205
2210
2211
2212
2213
2214
2215
2220
2221
2222
2223
2224
2225
2230
2231
2232
2233
2234
2235
2240
2241
2242
2243
2244
2245
2250
2251
2252
2253
2254
2255
2300
2301
2302
2303
2304
2305
2310
2311
2312
2313
2314
2315
2320
2321
2322
2323
2324
2325
2330
2331
2332
2333
2334
2335
2340
2341
2342
2343
2344
2345
2350
2351
2352
2353
2354
2355
2400
2401
2402
2403
2404
2405
2410
2411
2412
2413
2414
2415
2420
2421
2422
2423
2424
2425
2430
2431
2432
2433
2434
2435
2440
2441
2442
2443
2444
2445
2450
2451
2452
2453
2454
2455
2500
2501
2502
2503
2504
2505
2510
2511
2512
2513
2514
2515
2520
2521
2522
2523
2524
2525
2530
2531
2532
2533
2534
2535
2540
2541
2542
2543
2544
2545
2550
2551
2552
2553
2554
2555
3000
3001
3002
3003
3004
3005
3010
3011
3012
3013
3014
3015
3020
3021
3022
3023
3024
3025
3030
3031
3032
3033
3034
3035
3040
3041
3042
3043
3044
3045
3050
3051
3052
3053
3054
3055
3100
3101
3102
3103
3104
3105
3110
3111
3112
3113
3114
3115
3120
3121
3122
3123
3124
3125
3130
3131
3132
3133
3134
3135
3140
3141
3142
3143
3144
3145
3150
3151
3152
3153
3154
3155
3200
3201
3202
3203
3204
3205
3210
3211
3212
3213
3214
3215
3220
3221
3222
3223
3224
3225
3230
3231
3232
3233
3234
3235
3240
3241
3242
3243
3244
3245
3250
3251
3252
3253
3254
3255
3300
3301
3302
3303
3304
3305
3310
3311
3312
3313
3314
3315
3320
3321
3322
3323
3324
3325
3330
3331
3332
3333
3334
3335
3340
3341
3342
3343
3344
3345
3350
3351
3352
3353
3354
3355
3400
3401
3402
3403
3404
3405
3410
3411
3412
3413
3414
3415
3420
3421
3422
3423
3424
3425
3430
3431
3432
3433
3434
3435
3440
3441
3442
3443
3444
3445
3450
3451
3452
3453
3454
3455
3500
3501
3502
3503
3504
3505
3510
3511
3512
3513
3514
3515
3520
3521
3522
3523
3524
3525
3530
3531
3532
3533
3534
3535
3540
3541
3542
3543
3544
3545
3550
3551
3552
3553
3554
3555
4000
4001
4002
4003
4004
4005
4010
4011
4012
4013
4014
4015
4020
4021
4022
4023
4024
4025
4030
4031
4032
4033
4034
4035
4040
4041
4042
4043
4044
4045
4050
4051
4052
4053
4054
4055
4100
4101
4102
4103
4104
4105
4110
4111
4112
4113
4114
4115
4120
4121
4122
4123
4124
4125
4130
4131
4132
4133
4134
4135
4140
4141
4142
4143
4144
4145
4150
4151
4152
4153
4154
4155
4200
4201
4202
4203
4204
4205
4210
4211
4212
4213
4214
4215
4220
4221
4222
4223
4224
4225
4230
4231
4232
4233
4234
4235
4240
4241
4242
4243
4244
4245
4250
4251
4252
4253
4254
4255
4300
4301
4302
4303
4304
4305
4310
4311
4312
4313
4314
4315
4320
4321
4322
4323
4324
4325
4330
4331
4332
4333
4334
4335
4340
4341
4342
4343
4344
4345
4350
4351
4352
4353
4354
4355
4400
4401
4402
4403
4404
4405
4410
4411
4412
4413
4414
4415
4420
4421
4422
4423
4424
4425
4430
4431
4432
4433
4434
4435
4440
4441
4442
4443
4444
4445
4450
4451
4452
4453
4454
4455
4500
4501
4502
4503
4504
4505
4510
4511
4512
4513
4514
4515
4520
4521
4522
4523
4524
4525
4530
4531
4532
4533
4534
4535
4540
4541
4542
4543
4544
4545
4550
4551
4552
4553
4554
4555
5000
5001
5002
5003
5004
5005
5010
5011
5012
5013
5014
5015
5020
5021
5022
5023
5024
5025
5030
5031
5032
5033
5034
5035
5040
5041
5042
5043
5044
5045
5050
5051
5052
5053
5054
5055
5100
5101
5102
5103
5104
5105
5110
5111
5112
5113
5114
5115
5120
5121
5122
5123
5124
5125
5130
5131
5132
5133
5134
5135
5140
5141
5142
5143
5144
5145
5150
5151
5152
5153
5154
5155
5200
5201
5202
5203
5204
5205
5210
5211
5212
5213
5214
5215
5220
5221
5222
5223
5224
5225
5230
5231
5232
5233
5234
5235
5240
5241
5242
5243
5244
5245
5250
5251
5252
5253
5254
5255
5300
5301
5302
5303
5304
5305
5310
5311
5312
5313
5314
5315
5320
5321
5322
5323
5324
5325
5330
5331
5332
5333
5334
5335
5340
5341
5342
5343
5344
5345
5350
5351
5352
5353
5354
5355
5400
5401
5402
5403
5404
5405
5410
5411
5412
5413
5414
5415
5420
5421
5422
5423
5424
5425
5430
5431
5432
5433
5434
5435
5440
5441
5442
5443
5444
5445
5450
5451
5452
5453
5454
5455
5500
5501
5502
5503
5504
5505
5510
5511
5512
5513
5514
5515
5520
5521
5522
5523
5524
5525
5530
5531
5532
5533
5534
5535
5540
5541
5542
5543
5544
5545
5550
5551
5552
5553
5554
5555
